OFF
27 0 0
0 0 0
P0 -0.5 -0.5 -0.5
P1 0.5 -0.5 -0.5
P2 0.5 -0.5 0.5
P3 -0.5 -0.5 0.5
P4 -0.5 0.5 0.5
P5 -0.5 0.5 -0.5
P6 0.5 0.5 -0.5
P7 0.5 0.5 0.5
0 0 1
P2 0.5 -0.5 1.5
P3 -0.5 -0.5 1.5
P7 0.5 0.5 1.5
0 1 0
P2 0.5 0.5 0.5
P3 -0.5 0.5 0.5
P4 -0.5 1.5 0.5
P5 -0.5 1.5 -0.5
P6 0.5 1.5 -0.5
P7 0.5 1.5 0.5
0 1 1
P2 0.5 0.5 1.5
P3 -0.5 0.5 1.5
P7 0.5 1.5 1.5
1 0 0
P1 1.5 -0.5 -0.5
P2 1.5 -0.5 0.5
P3 0.5 -0.5 0.5
P6 1.5 0.5 -0.5
P7 1.5 0.5 0.5
1 0 1
P2 1.5 -0.5 1.5
P3 0.5 -0.5 1.5
P7 1.5 0.5 1.5
1 1 0
P2 1.5 0.5 0.5
P3 0.5 0.5 0.5
P6 1.5 1.5 -0.5
P7 1.5 1.5 0.5
1 1 1
P2 1.5 0.5 1.5
P3 0.5 0.5 1.5
P7 1.5 1.5 1.5
